-5.284831927796841688e-02 -1.243064000864763791e-01 3.906107921982596848e-02 1.657100704099247757e-01 1.162205717231620528e-01 6.012593000931122367e-01 7.729943113145266720e-01
-5.504768736333953000e-02 -1.267076362779113730e-01 9.358922947577681672e-02 1.398524891102669310e-01 1.463158570237127476e-01 7.405099803478596421e-01 6.408415719023633494e-01
-4.883548720796711956e-02 -1.097522986549895330e-01 1.451435447256168021e-01 1.086204550842809341e-01 1.707883059937201353e-01 8.513032773406202791e-01 4.840616502700853530e-01
-3.515746997177199989e-02 -7.602168367028243334e-02 1.858753478135892201e-01 7.321419788445912569e-02 1.886974561435744435e-01 9.293814668015585312e-01 3.086795108828292444e-01
-1.609598978742986936e-02 -3.065097168642548844e-02 2.095835909542648201e-01 3.499436011893274079e-02 1.993550688765835521e-01 9.717440476964441798e-01 1.214349910018100859e-01
5.447015779741343905e-03 1.945255768356745837e-02 2.126589090452349062e-01 4.570291280900984528e-03 -2.023515781122761092e-01 -9.767630497986959925e-01 7.047620748188122841e-02
2.619181941997155913e-02 6.666109628273959864e-02 1.946331127849772469e-01 4.395930894985868725e-02 -1.975718296811865005e-01 -9.442455956722128896e-01 2.596790448355560388e-01
4.298021283114906305e-02 1.037875720558352061e-01 1.582504662498660508e-01 8.165899502853768421e-02 -1.851995066350073105e-01 -8.754413128430774682e-01 4.389025621258867971e-01
5.325631530358729965e-02 1.251798156187413358e-01 1.090498975653597796e-01 1.162205717231621638e-01 -1.657100704099247757e-01 -7.729943113145270051e-01 6.012593000931126808e-01
5.545568338895838501e-02 1.275810518101762880e-01 5.452174730940900077e-02 1.463158570237126088e-01 -1.398524891102669865e-01 -6.408415719023627943e-01 7.405099803478596421e-01
4.924348323358600232e-02 1.106257141872545174e-01 2.967432059569091729e-03 1.707883059937200521e-01 -1.086204550842810868e-01 -4.840616502700854085e-01 8.513032773406199460e-01
-5.284831927796841688e-02 -1.243064000864763791e-01 3.906107921982596848e-02 7.729943113145267830e-01 -6.012593000931121257e-01 1.162205717231619140e-01 -1.657100704099248312e-01
-5.504768736333953000e-02 -1.267076362779113730e-01 9.358922947577681672e-02 6.408415719023631274e-01 -7.405099803478596421e-01 1.463158570237128586e-01 -1.398524891102669310e-01
-4.883548720796711956e-02 -1.097522986549895330e-01 1.451435447256168021e-01 4.840616502700852419e-01 -8.513032773406200571e-01 1.707883059937201908e-01 -1.086204550842809619e-01
-3.515746997177199989e-02 -7.602168367028243334e-02 1.858753478135892201e-01 3.086795108828293555e-01 -9.293814668015585312e-01 1.886974561435744713e-01 -7.321419788445913956e-02
-1.609598978742986936e-02 -3.065097168642548844e-02 2.095835909542648201e-01 1.214349910018100304e-01 -9.717440476964442908e-01 1.993550688765835521e-01 -3.499436011893267140e-02
5.447015779741343905e-03 1.945255768356745837e-02 2.126589090452349062e-01 7.047620748188125617e-02 9.767630497986959925e-01 -2.023515781122761370e-01 -4.570291280901106826e-03
2.619181941997155913e-02 6.666109628273959864e-02 1.946331127849772469e-01 2.596790448355560388e-01 9.442455956722128896e-01 -1.975718296811864727e-01 -4.395930894985867338e-02
4.298021283114906305e-02 1.037875720558352061e-01 1.582504662498660508e-01 4.389025621258870191e-01 8.754413128430775792e-01 -1.851995066350073937e-01 -8.165899502853776748e-02
5.325631530358729965e-02 1.251798156187413358e-01 1.090498975653597796e-01 6.012593000931126808e-01 7.729943113145267830e-01 -1.657100704099248034e-01 -1.162205717231621083e-01
5.545568338895838501e-02 1.275810518101762880e-01 5.452174730940900077e-02 7.405099803478598641e-01 6.408415719023629054e-01 -1.398524891102670420e-01 -1.463158570237128309e-01
4.924348323358600232e-02 1.106257141872545174e-01 2.967432059569091729e-03 8.513032773406195020e-01 4.840616502700856860e-01 -1.086204550842806427e-01 -1.707883059937199688e-01
-3.150144462135490153e-02 1.105901778733113933e-01 -3.425034196378087814e-02 1.328138585855972997e-01 -5.888210011229301488e-02 4.617120455942334001e-01 -8.750516351662678272e-01
3.521874599433297282e-02 -1.124335882689253829e-01 -3.108704484673631419e-02 1.227461033145607200e-01 7.771754542650141651e-02 -4.710653750776597759e-01 -8.700521763991599933e-01
4.006562533224254652e-02 -1.320855564607857913e-01 1.964982766652972890e-02 1.052256303942160492e-01 1.001708014052446333e-01 -6.317527452483405748e-01 -7.614340720805421459e-01
3.882743270493156651e-02 -1.316814091840012302e-01 7.425958750443691081e-02 8.366139550903498034e-02 1.187745496624168784e-01 -7.681622117101489788e-01 -6.235544833890163119e-01
-3.987439823793341442e-02 1.313930601362391926e-01 7.052822414005893714e-02 1.001708014052445778e-01 -1.052256303942160215e-01 7.614340720805422569e-01 -6.317527452483405748e-01
-3.863620561062246217e-02 1.309889128594546592e-01 1.591846430215181074e-02 1.187745496624168784e-01 -8.366139550903510524e-02 6.235544833890167560e-01 -7.681622117101487568e-01
-3.150144462135490153e-02 1.105901778733113933e-01 -3.425034196378087814e-02 8.750516351662680492e-01 4.617120455942335666e-01 5.888210011229300100e-02 1.328138585855972720e-01
3.521874599433297282e-02 -1.124335882689253829e-01 -3.108704484673631419e-02 8.700521763991598823e-01 -4.710653750776594983e-01 -7.771754542650144426e-02 1.227461033145606506e-01
4.006562533224254652e-02 -1.320855564607857913e-01 1.964982766652972890e-02 7.614340720805420348e-01 -6.317527452483405748e-01 -1.001708014052445916e-01 1.052256303942161325e-01
3.882743270493156651e-02 -1.316814091840012302e-01 7.425958750443691081e-02 6.235544833890164229e-01 -7.681622117101490899e-01 -1.187745496624168506e-01 8.366139550903507749e-02
-3.987439823793341442e-02 1.313930601362391926e-01 7.052822414005893714e-02 6.317527452483405748e-01 7.614340720805422569e-01 1.052256303942160631e-01 1.001708014052446055e-01
-3.863620561062246217e-02 1.309889128594546592e-01 1.591846430215181074e-02 7.681622117101486458e-01 6.235544833890164229e-01 8.366139550903495259e-02 1.187745496624168923e-01
-3.658551218554488213e-03 -9.692872214216631532e-02 1.964154079422800181e-01 3.742595231953844137e-01 -9.268171203077968379e-01 3.060453914399058339e-02 -1.788011663943285708e-03
-6.346727126627837480e-03 -1.280033987105925752e-01 1.515705586057897458e-01 5.478812818516731742e-01 -8.359941783258068027e-01 2.966765773466317757e-02 -7.724304917941174874e-03
-8.066755441910138796e-03 -1.395633767284306936e-01 9.821017314635654971e-02 7.004482701017649138e-01 -7.130444489016927179e-01 2.759066487640671195e-02 -1.336375746578268540e-02
-8.556777445495159645e-03 -1.298487543339264527e-01 4.445788653708049321e-02 8.260974241477609947e-01 -5.626928211862203266e-01 2.445337823997306703e-02 -1.848964830869569489e-02
6.371896717013202441e-03 1.283625852934034417e-01 3.970135438413254642e-02 8.359941783258071357e-01 5.478812818516732852e-01 -7.724304917941404725e-03 -2.966765773466308043e-02
8.091925032295499420e-03 1.399225633112415601e-01 9.306173984356570783e-02 7.130444489016923848e-01 7.004482701017648028e-01 -1.336375746578255530e-02 -2.759066487640668419e-02
8.581947035880527208e-03 1.302079409167373469e-01 1.468140264528417227e-01 5.626928211862203266e-01 8.260974241477608837e-01 -1.848964830869559428e-02 -2.445337823997311560e-02
7.767361319782978279e-03 1.006976813061827708e-01 1.927749158413899488e-01 3.907172239143311132e-01 9.200001174645315860e-01 -2.290499233621973163e-02 -2.037636199138988594e-02
5.772181175040802525e-03 5.588445399411517966e-02 2.239472792363036424e-01 2.037265828441574278e-01 9.785477222091500948e-01 -2.644011035353058259e-02 -1.551629357867298845e-02
2.900154692337954601e-03 2.590666605879882872e-03 2.355854068888849351e-01 8.906843446467357234e-03 9.994902867651559442e-01 -2.895914975773996453e-02 -1.005994270536538990e-02
-4.114781313189597818e-04 -5.107018483805013387e-02 2.259174993639183893e-01 1.862551809498552702e-01 -9.820230001213872129e-01 3.036530527723765860e-02 4.216993875571458696e-03
-3.658551218554488213e-03 -9.692872214216631532e-02 1.964154079422800181e-01 1.788011663943300453e-03 3.060453914399050707e-02 9.268171203077969489e-01 3.742595231953842472e-01
-6.346727126627837480e-03 -1.280033987105925752e-01 1.515705586057897458e-01 7.724304917941179210e-03 2.966765773466309083e-02 8.359941783258068027e-01 5.478812818516730632e-01
-8.066755441910138796e-03 -1.395633767284306936e-01 9.821017314635654971e-02 1.336375746578265244e-02 2.759066487640670848e-02 7.130444489016924958e-01 7.004482701017650248e-01
-8.556777445495159645e-03 -1.298487543339264527e-01 4.445788653708049321e-02 1.848964830869570530e-02 2.445337823997311560e-02 5.626928211862202156e-01 8.260974241477608837e-01
6.371896717013202441e-03 1.283625852934034417e-01 3.970135438413254642e-02 2.966765773466305614e-02 -7.724304917941177476e-03 -5.478812818516726191e-01 8.359941783258070247e-01
8.091925032295499420e-03 1.399225633112415601e-01 9.306173984356570783e-02 2.759066487640670154e-02 -1.336375746578268540e-02 -7.004482701017650248e-01 7.130444489016927179e-01
8.581947035880527208e-03 1.302079409167373469e-01 1.468140264528417227e-01 2.445337823997313642e-02 -1.848964830869569143e-02 -8.260974241477613278e-01 5.626928211862204376e-01
7.767361319782978279e-03 1.006976813061827708e-01 1.927749158413899488e-01 2.037636199139000043e-02 -2.290499233621977673e-02 -9.200001174645314750e-01 3.907172239143310022e-01
5.772181175040802525e-03 5.588445399411517966e-02 2.239472792363036424e-01 1.551629357867300059e-02 -2.644011035353059300e-02 -9.785477222091505389e-01 2.037265828441574278e-01
2.900154692337954601e-03 2.590666605879882872e-03 2.355854068888849351e-01 1.005994270536541418e-02 -2.895914975773995412e-02 -9.994902867651563882e-01 8.906843446467306927e-03
-4.114781313189597818e-04 -5.107018483805013387e-02 2.259174993639183893e-01 4.216993875571553238e-03 -3.036530527723766207e-02 -9.820230001213875459e-01 -1.862551809498553812e-01
-7.329128975276041902e-02 1.128502482479564611e-01 -1.094557565854246267e-02 2.352226697378481113e-01 -1.642817753091813660e-01 5.761595523738237690e-01 -7.653247442432908887e-01
-5.857554984508473589e-02 9.219851883970879569e-02 -5.932816960487524716e-02 2.627527165424811129e-01 -1.152354806771058032e-01 4.157813573306252675e-01 -8.630223964874638165e-01
-3.496352337719900449e-02 5.754152885250408966e-02 -9.433227760185496080e-02 2.801853238038078397e-01 -6.176075114741115535e-02 2.394249178980834003e-01 -9.275545820231601013e-01
-6.049927335285870331e-03 1.415549084549775141e-02 -1.106288415199705027e-01 2.868505662010940038e-01 -5.912590586949677783e-03 5.386751314175841632e-02 -9.564413651503083091e-01
2.376340538567414673e-02 -3.135446419015746472e-02 -1.057368572314086735e-01 2.824923022069229517e-01 5.016278751394913360e-02 -1.337599899353547617e-01 -9.485726429932271886e-01
4.993766513744903046e-02 -7.205985814905270515e-02 -8.040108499815497300e-02 2.672780174624480032e-01 1.043104378223023293e-01 -3.162471716127185362e-01 -9.042508061315834844e-01
6.848805814308653317e-02 -1.017636637962613388e-01 -3.847866647337505608e-02 2.417923883981305255e-01 1.544494965031119049e-01 -4.865811518384630663e-01 -8.251791178999974274e-01
7.659045522720971111e-02 -1.159437459876645343e-01 1.364809015020363413e-02 2.070148134464061818e-01 1.986531476495823900e-01 -6.382160912769090366e-01 -7.143962589332946145e-01
7.301133988217324566e-02 -1.124413157523862922e-01 6.804335870686664678e-02 1.642817753091814492e-01 2.352226697378480558e-01 -7.653247442432909997e-01 -5.761595523738234359e-01
-6.876800801367370652e-02 1.021725962918315217e-01 9.557644952169928876e-02 1.544494965031118217e-01 -2.417923883981304423e-01 8.251791178999969834e-01 -4.865811518384630108e-01
-7.687040509779688446e-02 1.163526784832347033e-01 4.344969289812065927e-02 1.986531476495822790e-01 -2.070148134464060430e-01 7.143962589332950586e-01 -6.382160912769088146e-01
-7.329128975276041902e-02 1.128502482479564611e-01 -1.094557565854246267e-02 7.653247442432911107e-01 5.761595523738231028e-01 1.642817753091814215e-01 2.352226697378480280e-01
-5.857554984508473589e-02 9.219851883970879569e-02 -5.932816960487524716e-02 8.630223964874640386e-01 4.157813573306256005e-01 1.152354806771057616e-01 2.627527165424811684e-01
-3.496352337719900449e-02 5.754152885250408966e-02 -9.433227760185496080e-02 9.275545820231599903e-01 2.394249178980831227e-01 6.176075114741108596e-02 2.801853238038077287e-01
-6.049927335285870331e-03 1.415549084549775141e-02 -1.106288415199705027e-01 9.564413651503080871e-01 5.386751314175841632e-02 5.912590586949706406e-03 2.868505662010938373e-01
2.376340538567414673e-02 -3.135446419015746472e-02 -1.057368572314086735e-01 9.485726429932272996e-01 -1.337599899353547894e-01 -5.016278751394920299e-02 2.824923022069230072e-01
4.993766513744903046e-02 -7.205985814905270515e-02 -8.040108499815497300e-02 9.042508061315838175e-01 -3.162471716127187027e-01 -1.043104378223024264e-01 2.672780174624481697e-01
6.848805814308653317e-02 -1.017636637962613388e-01 -3.847866647337505608e-02 8.251791178999970944e-01 -4.865811518384629553e-01 -1.544494965031117939e-01 2.417923883981304145e-01
7.659045522720971111e-02 -1.159437459876645343e-01 1.364809015020363413e-02 7.143962589332947255e-01 -6.382160912769092587e-01 -1.986531476495825288e-01 2.070148134464062373e-01
7.301133988217324566e-02 -1.124413157523862922e-01 6.804335870686664678e-02 5.761595523738236579e-01 -7.653247442432907777e-01 -2.352226697378482223e-01 1.642817753091815325e-01
-6.876800801367370652e-02 1.021725962918315217e-01 9.557644952169928876e-02 4.865811518384627887e-01 8.251791178999972054e-01 2.417923883981303312e-01 1.544494965031116829e-01
-7.687040509779688446e-02 1.163526784832347033e-01 4.344969289812065927e-02 6.382160912769089256e-01 7.143962589332948365e-01 2.070148134464061540e-01 1.986531476495823068e-01
