-9.601347831036496916e-02 1.019480762454030298e-01 4.772652181001942051e-02 2.728071285665047419e-01 -2.488707932218816588e-01 6.456643849760310694e-01 -6.683989084805067593e-01
-8.639323172315821475e-02 9.326541238775237774e-02 -5.339329068807956158e-03 3.161174992771656478e-01 -1.908667801539628006e-01 5.028599665744055702e-01 -7.815186836545865434e-01
9.080004024080776115e-02 -9.488623948637102401e-02 5.619050841349518266e-03 2.973108412746320317e-01 2.190129328970333022e-01 -5.295929380959476518e-01 -7.636562831557871522e-01
9.577913720772071593e-02 -1.017058042152779174e-01 5.958778675261471730e-02 2.488707932218816865e-01 2.728071285665046863e-01 -6.683989084805068703e-01 -6.456643849760315135e-01
8.615889062051397540e-02 -9.302314035762727917e-02 1.126536376314420801e-01 1.908667801539627451e-01 3.161174992771655368e-01 -7.815186836545863214e-01 -5.028599665744055702e-01
-9.103438134345198662e-02 9.512851151649612258e-02 1.016952577212847098e-01 2.190129328970331080e-01 -2.973108412746321427e-01 7.636562831557871522e-01 -5.295929380959474297e-01
-9.601347831036496916e-02 1.019480762454030298e-01 4.772652181001942051e-02 6.683989084805067593e-01 6.456643849760314025e-01 2.488707932218813257e-01 2.728071285665046308e-01
-8.639323172315821475e-02 9.326541238775237774e-02 -5.339329068807956158e-03 7.815186836545865434e-01 5.028599665744059033e-01 1.908667801539627451e-01 3.161174992771655368e-01
9.080004024080776115e-02 -9.488623948637102401e-02 5.619050841349518266e-03 7.636562831557872633e-01 -5.295929380959479849e-01 -2.190129328970334965e-01 2.973108412746322538e-01
9.577913720772071593e-02 -1.017058042152779174e-01 5.958778675261471730e-02 6.456643849760316245e-01 -6.683989084805066483e-01 -2.728071285665046863e-01 2.488707932218815200e-01
8.615889062051397540e-02 -9.302314035762727917e-02 1.126536376314420801e-01 5.028599665744055702e-01 -7.815186836545864324e-01 -3.161174992771654813e-01 1.908667801539627729e-01
-9.103438134345198662e-02 9.512851151649612258e-02 1.016952577212847098e-01 5.295929380959475408e-01 7.636562831557872633e-01 2.973108412746322538e-01 2.190129328970331635e-01
1.119683621107564198e-01 -3.509426149743015422e-02 -5.117598010517167284e-02 7.029045654540048149e-01 -3.864333459779526470e-01 -2.769234671958575866e-01 5.290631666412103362e-01
7.508107053804338737e-02 -2.484539387736776211e-02 -9.014020418949872382e-02 7.647878572301256561e-01 -2.418782595711165551e-01 -1.683873568770175577e-01 5.729224546342830404e-01
2.679698211137559322e-02 -1.082345630944631272e-02 -1.114932928935855466e-01 7.972807805508644874e-01 -8.802792729585280640e-02 -5.338021486611177480e-02 5.947646539943748367e-01
-2.553308840263831050e-02 4.836838320798703128e-03 -1.119844320284659883e-01 7.991346505952463541e-01 6.920526885875998013e-02 6.367829886612952350e-02 5.937503812493226674e-01
-7.394236214151021780e-02 1.975135211683684555e-02 -9.153885011304191410e-02 7.702782241771279903e-01 2.237789453418927987e-01 1.782896912841468451e-01 5.699186143319097120e-01
-1.110609660096560647e-01 3.164948555362550459e-02 -5.326920165427503906e-02 7.118204375808874218e-01 3.697529224522146385e-01 2.860495108521257102e-01 5.241851946797623230e-01
-1.312379290491326178e-01 3.871985567226182007e-02 -3.001693714785431955e-03 6.260077907619140403e-01 5.015175021125258814e-01 3.828166081364706708e-01 4.583076319625155604e-01
-1.314014915418049989e-01 3.988606271524814534e-02 5.161090129773380358e-02 5.161380156131736285e-01 6.140090454209081727e-01 4.648722778561580338e-01 3.748175639708302698e-01
-1.115267525808615323e-01 3.497056223198297120e-02 1.022543108570331677e-01 3.864333459779528690e-01 7.029045654540048149e-01 5.290631666412105583e-01 2.769234671958576421e-01
1.316795385790274775e-01 -3.884355493770900308e-02 5.408002446664696150e-02 5.015175021125257704e-01 -6.260077907619139292e-01 -4.583076319625154493e-01 3.828166081364702822e-01
1.318431010716998864e-01 -4.000976198069533529e-02 -5.325705458722115870e-04 6.140090454209082838e-01 -5.161380156131738506e-01 -3.748175639708305473e-01 4.648722778561579227e-01
1.119683621107564198e-01 -3.509426149743015422e-02 -5.117598010517167284e-02 5.290631666412103362e-01 2.769234671958576977e-01 -3.864333459779525359e-01 -7.029045654540049259e-01
7.508107053804338737e-02 -2.484539387736776211e-02 -9.014020418949872382e-02 5.729224546342831514e-01 1.683873568770176965e-01 -2.418782595711163053e-01 -7.647878572301256561e-01
2.679698211137559322e-02 -1.082345630944631272e-02 -1.114932928935855466e-01 5.947646539943747257e-01 5.338021486611174010e-02 -8.802792729585284803e-02 -7.972807805508644874e-01
-2.553308840263831050e-02 4.836838320798703128e-03 -1.119844320284659883e-01 5.937503812493231115e-01 -6.367829886612959289e-02 6.920526885876010503e-02 -7.991346505952465762e-01
-7.394236214151021780e-02 1.975135211683684555e-02 -9.153885011304191410e-02 5.699186143319098230e-01 -1.782896912841469006e-01 2.237789453418925767e-01 -7.702782241771281013e-01
-1.110609660096560647e-01 3.164948555362550459e-02 -5.326920165427503906e-02 5.241851946797621009e-01 -2.860495108521254881e-01 3.697529224522143609e-01 -7.118204375808873108e-01
-1.312379290491326178e-01 3.871985567226182007e-02 -3.001693714785431955e-03 4.583076319625155604e-01 -3.828166081364705597e-01 5.015175021125258814e-01 -6.260077907619139292e-01
-1.314014915418049989e-01 3.988606271524814534e-02 5.161090129773380358e-02 3.748175639708302698e-01 -4.648722778561579783e-01 6.140090454209082838e-01 -5.161380156131737396e-01
-1.115267525808615323e-01 3.497056223198297120e-02 1.022543108570331677e-01 2.769234671958575311e-01 -5.290631666412105583e-01 7.029045654540048149e-01 -3.864333459779528690e-01
1.316795385790274775e-01 -3.884355493770900308e-02 5.408002446664696150e-02 3.828166081364701712e-01 4.583076319625155604e-01 -6.260077907619137072e-01 -5.015175021125257704e-01
1.318431010716998864e-01 -4.000976198069533529e-02 -5.325705458722115870e-04 4.648722778561578117e-01 3.748175639708304363e-01 -5.161380156131736285e-01 -6.140090454209082838e-01
1.100431652066823918e-01 -2.755789581717512163e-02 -6.749140977708140143e-02 6.394131269342006041e-01 -3.851758738256770287e-01 -2.392388343170646081e-01 6.209308975091077931e-01
6.901663999550079753e-02 -2.910888912363122222e-02 -1.035239086415394305e-01 7.022710682511613678e-01 -2.530315145797433218e-01 -1.135043184541885131e-01 6.556730656501790211e-01
1.752009624977307264e-02 -2.625753184193696868e-02 -1.215210770147596986e-01 7.381411262533822404e-01 -1.111632961302181782e-01 1.659210471292626998e-02 6.652180855840055251e-01
-3.660658406254527902e-02 -1.943791727061218791e-02 -1.187430091566568924e-01 7.456448347279983624e-01 3.497686544849657603e-02 1.460509026008832700e-01 6.491991475474387929e-01
-8.512310452348262335e-02 -9.688269908181043610e-03 -9.561264071537940723e-02 7.244938303664583135e-01 1.797728857032776240e-01 2.698970462081782262e-01 6.082318503457005976e-01
-1.206432646962144473e-01 1.507114815199747052e-03 -5.565136060879965346e-02 6.755009344047562259e-01 3.176603347782775422e-01 3.833711976896998497e-01 5.438905442355279618e-01
-1.377594421854960727e-01 1.244384106181069261e-02 -4.942911483238174655e-03 6.005489163591676283e-01 4.433402753337163382e-01 4.821126090410510212e-01 4.586478295277158779e-01
-1.338658541271197377e-01 2.145689140227558661e-02 4.879280495517434452e-02 5.025181402496087246e-01 5.519828977361714850e-01 5.623267031988206099e-01 3.557795359438195026e-01
1.211311658953872911e-01 -1.890900006611448197e-03 8.553496382589027835e-02 3.176603347782776532e-01 -6.755009344047558928e-01 -5.438905442355280728e-01 3.833711976896996831e-01
1.382473433846689304e-01 -1.282762625322238052e-02 3.482651470032882557e-02 4.433402753337165048e-01 -6.005489163591672952e-01 -4.586478295277159889e-01 4.821126090410506881e-01
1.343537553262926232e-01 -2.184067659368726239e-02 -1.890920173808361554e-02 5.519828977361711519e-01 -5.025181402496089467e-01 -3.557795359438195026e-01 5.623267031988204989e-01
1.100431652066823918e-01 -2.755789581717512163e-02 -6.749140977708140143e-02 6.209308975091079041e-01 2.392388343170645526e-01 -3.851758738256770842e-01 -6.394131269342006041e-01
6.901663999550079753e-02 -2.910888912363122222e-02 -1.035239086415394305e-01 6.556730656501789101e-01 1.135043184541887074e-01 -2.530315145797432663e-01 -7.022710682511611457e-01
1.752009624977307264e-02 -2.625753184193696868e-02 -1.215210770147596986e-01 6.652180855840054141e-01 -1.659210471292640182e-02 -1.111632961302181366e-01 -7.381411262533822404e-01
-3.660658406254527902e-02 -1.943791727061218791e-02 -1.187430091566568924e-01 6.491991475474386819e-01 -1.460509026008832978e-01 3.497686544849631929e-02 -7.456448347279980293e-01
-8.512310452348262335e-02 -9.688269908181043610e-03 -9.561264071537940723e-02 6.082318503457001535e-01 -2.698970462081778932e-01 1.797728857032776517e-01 -7.244938303664580914e-01
-1.206432646962144473e-01 1.507114815199747052e-03 -5.565136060879965346e-02 5.438905442355282949e-01 -3.833711976896996831e-01 3.176603347782774867e-01 -6.755009344047563369e-01
-1.377594421854960727e-01 1.244384106181069261e-02 -4.942911483238174655e-03 4.586478295277160999e-01 -4.821126090410507437e-01 4.433402753337165603e-01 -6.005489163591678503e-01
-1.338658541271197377e-01 2.145689140227558661e-02 4.879280495517434452e-02 3.557795359438194471e-01 -5.623267031988206099e-01 5.519828977361713740e-01 -5.025181402496087246e-01
1.211311658953872911e-01 -1.890900006611448197e-03 8.553496382589027835e-02 3.833711976896997387e-01 5.438905442355281838e-01 -6.755009344047562259e-01 -3.176603347782777087e-01
1.382473433846689304e-01 -1.282762625322238052e-02 3.482651470032882557e-02 4.821126090410509102e-01 4.586478295277159889e-01 -6.005489163591676283e-01 -4.433402753337163382e-01
1.343537553262926232e-01 -2.184067659368726239e-02 -1.890920173808361554e-02 5.623267031988204989e-01 3.557795359438195026e-01 -5.025181402496089467e-01 -5.519828977361712630e-01
7.479758453492395265e-02 -1.123979819339713526e-01 7.008138798921689783e-02 5.771669351936212777e-01 -7.645653162823073945e-01 -2.226828143385898295e-01 1.809159204038774116e-01
7.616458535083035775e-02 -1.164191408000424532e-01 1.562145853920117455e-02 7.152361281292275441e-01 -6.372747248725421088e-01 -1.831090813326177180e-01 2.208829336794987941e-01
6.594845405875922328e-02 -1.027347175978599036e-01 -3.626581878968065248e-02 8.258191977698688957e-01 -4.854940231737078782e-01 -1.364985690197886292e-01 2.523615396863930216e-01
4.570450403846763182e-02 -7.342804171035079153e-02 -7.768107638344656785e-02 9.046664987649559730e-01 -3.150560584324930136e-01 -8.464249324880901426e-02 2.741420332491212863e-01
-3.971764432026528291e-02 5.605118308709693131e-02 -8.938562109561296043e-02 9.272384707887769695e-01 2.406462387654408619e-01 8.192749224677431386e-02 2.749656197990792417e-01
-6.189482543418680510e-02 9.104463637946065557e-02 -5.378290785528474366e-02 8.624740913605127846e-01 4.169175406174707721e-01 1.339964097659523956e-01 2.536989716714911913e-01
-7.463684487574225035e-02 1.121591923283219855e-01 -5.041356862410223405e-03 7.645653162823073945e-01 5.771669351936216108e-01 1.809159204038773838e-01 2.226828143385899961e-01
-7.600384569164864157e-02 1.161803511943930861e-01 4.941857258760548599e-02 6.372747248725419977e-01 7.152361281292274331e-01 2.208829336794986276e-01 1.831090813326177735e-01
-6.578771439957753486e-02 1.024959279922105365e-01 1.013058499164873338e-01 4.854940231737078782e-01 8.258191977698690067e-01 2.523615396863931881e-01 1.364985690197889900e-01
7.479758453492395265e-02 -1.123979819339713526e-01 7.008138798921689783e-02 1.809159204038775226e-01 2.226828143385898851e-01 -7.645653162823076165e-01 -5.771669351936216108e-01
7.616458535083035775e-02 -1.164191408000424532e-01 1.562145853920117455e-02 2.208829336794986553e-01 1.831090813326176903e-01 -6.372747248725419977e-01 -7.152361281292274331e-01
6.594845405875922328e-02 -1.027347175978599036e-01 -3.626581878968065248e-02 2.523615396863931326e-01 1.364985690197888790e-01 -4.854940231737079337e-01 -8.258191977698691177e-01
4.570450403846763182e-02 -7.342804171035079153e-02 -7.768107638344656785e-02 2.741420332491214529e-01 8.464249324880891712e-02 -3.150560584324932911e-01 -9.046664987649560841e-01
-3.971764432026528291e-02 5.605118308709693131e-02 -8.938562109561296043e-02 2.749656197990793527e-01 -8.192749224677395303e-02 2.406462387654412227e-01 -9.272384707887766364e-01
-6.189482543418680510e-02 9.104463637946065557e-02 -5.378290785528474366e-02 2.536989716714909693e-01 -1.339964097659523956e-01 4.169175406174703280e-01 -8.624740913605128956e-01
-7.463684487574225035e-02 1.121591923283219855e-01 -5.041356862410223405e-03 2.226828143385901071e-01 -1.809159204038775781e-01 5.771669351936212777e-01 -7.645653162823073945e-01
-7.600384569164864157e-02 1.161803511943930861e-01 4.941857258760548599e-02 1.831090813326178568e-01 -2.208829336794986831e-01 7.152361281292274331e-01 -6.372747248725422198e-01
-6.578771439957753486e-02 1.024959279922105365e-01 1.013058499164873338e-01 1.364985690197890178e-01 -2.523615396863930771e-01 8.258191977698691177e-01 -4.854940231737078782e-01
