-1.168751425462528915e-01 5.034857696138628214e-02 9.837563053194153806e-02 8.163220275916650837e-02 8.397565242954593279e-01 -1.907039039207986120e-01 5.017740371972856384e-01
-1.314283913929125969e-01 5.994977489900554790e-02 4.455290666859320486e-02 1.172681488987238757e-01 7.257295796554129597e-01 -1.711139291577795651e-01 6.559609605115465092e-01
-1.258500028168917928e-01 6.083803895676080653e-02 -1.174059407313550810e-02 1.483975458408388626e-01 5.838132542630466437e-01 -1.449481420590239544e-01 7.849396719804934142e-01
-1.009892359106712989e-01 5.287813898399260082e-02 -6.193469650717141339e-02 1.738241083185928515e-01 4.194613129155958520e-01 -1.132120791487947198e-01 8.837535920544693502e-01
-6.063091707230994221e-02 3.728189759488192978e-02 -9.838780354860411637e-02 1.925707077953464907e-01 2.389897085494132600e-01 -7.712533952694289319e-02 9.486053572005167522e-01
-1.091923449587702509e-02 1.642370116064064550e-02 -1.155502600986137302e-01 2.039169229664218597e-01 4.933386371064969744e-02 -3.807471635945924859e-02 9.770027504533610463e-01
4.057765878389036490e-02 -6.520978991639515485e-03 -1.108092377255173316e-01 2.074267251458256633e-01 -1.422178538437648410e-01 2.439096805171958593e-03 9.678544759157376998e-01
8.601982758564763465e-02 -2.805902330281747140e-02 -8.488651410814399001e-02 2.029652346041228572e-01 -3.283042190316550757e-01 4.285917684744067202e-02 9.215120966477151621e-01
1.184891136436132253e-01 -4.491145976937420403e-02 -4.172858892716406476e-02 1.907039039207985009e-01 -5.017740371972854163e-01 8.163220275916638347e-02 8.397565242954592168e-01
1.330423624902729307e-01 -5.451265770699346286e-02 1.209413493618425456e-02 1.711139291577795651e-01 -6.559609605115463982e-01 1.172681488987238341e-01 7.257295796554131817e-01
1.274639739142521544e-01 -5.540092176474872843e-02 6.838763567791299181e-02 1.449481420590239267e-01 -7.849396719804934142e-01 1.483975458408388626e-01 5.838132542630464217e-01
-3.896368768653000331e-02 1.195809618365159532e-02 1.674562793302948049e-01 2.439096805171782519e-03 9.678544759157374777e-01 -2.074267251458256633e-01 1.422178538437648687e-01
-8.440585648828724530e-02 3.349614049482952521e-02 1.415335557129215049e-01 4.285917684744105366e-02 9.215120966477156061e-01 -2.029652346041228017e-01 3.283042190316547426e-01
-1.168751425462528915e-01 5.034857696138628214e-02 9.837563053194153806e-02 5.017740371972853053e-01 1.907039039207985565e-01 8.397565242954591058e-01 -8.163220275916664714e-02
-1.314283913929125969e-01 5.994977489900554790e-02 4.455290666859320486e-02 6.559609605115463982e-01 1.711139291577794264e-01 7.257295796554130707e-01 -1.172681488987238757e-01
-1.258500028168917928e-01 6.083803895676080653e-02 -1.174059407313550810e-02 7.849396719804935252e-01 1.449481420590239544e-01 5.838132542630466437e-01 -1.483975458408388903e-01
-1.009892359106712989e-01 5.287813898399260082e-02 -6.193469650717141339e-02 8.837535920544692392e-01 1.132120791487947614e-01 4.194613129155955189e-01 -1.738241083185929070e-01
-6.063091707230994221e-02 3.728189759488192978e-02 -9.838780354860411637e-02 9.486053572005165302e-01 7.712533952694264339e-02 2.389897085494135931e-01 -1.925707077953463797e-01
-1.091923449587702509e-02 1.642370116064064550e-02 -1.155502600986137302e-01 9.770027504533611573e-01 3.807471635945895716e-02 4.933386371064985010e-02 -2.039169229664219707e-01
4.057765878389036490e-02 -6.520978991639515485e-03 -1.108092377255173316e-01 9.678544759157373667e-01 -2.439096805171790325e-03 -1.422178538437650630e-01 -2.074267251458255246e-01
8.601982758564763465e-02 -2.805902330281747140e-02 -8.488651410814399001e-02 9.215120966477152731e-01 -4.285917684744112999e-02 -3.283042190316549647e-01 -2.029652346041229682e-01
1.184891136436132253e-01 -4.491145976937420403e-02 -4.172858892716406476e-02 8.397565242954593279e-01 -8.163220275916653612e-02 -5.017740371972855273e-01 -1.907039039207986120e-01
1.330423624902729307e-01 -5.451265770699346286e-02 1.209413493618425456e-02 7.257295796554129597e-01 -1.172681488987238618e-01 -6.559609605115460651e-01 -1.711139291577794541e-01
1.274639739142521544e-01 -5.540092176474872843e-02 6.838763567791299181e-02 5.838132542630465327e-01 -1.483975458408387793e-01 -7.849396719804933031e-01 -1.449481420590239822e-01
-3.896368768653000331e-02 1.195809618365159532e-02 1.674562793302948049e-01 1.422178538437647854e-01 2.074267251458255801e-01 9.678544759157370336e-01 -2.439096805171776447e-03
-8.440585648828724530e-02 3.349614049482952521e-02 1.415335557129215049e-01 3.283042190316546316e-01 2.029652346041228572e-01 9.215120966477154951e-01 -4.285917684744102590e-02
8.465372959837882960e-02 -8.383240780502421163e-02 1.195267704573192008e-01 2.582069800791716996e-01 -5.471855958870684711e-02 -9.037747091816258349e-01 -3.369366553502289863e-01
1.276670961890996048e-01 -7.263156862683942117e-02 8.452309701956282895e-02 4.295633044032977632e-01 1.206592278184248461e-02 -8.360352486755913137e-01 -3.411375734062199183e-01
1.546431896958794239e-01 -4.906788436971197542e-02 4.072916112377614889e-02 5.844117518410816281e-01 7.838671850653317064e-02 -7.361674224169229008e-01 -3.322287658283658018e-01
8.465372959837882960e-02 -8.383240780502421163e-02 1.195267704573192008e-01 3.369366553502286532e-01 -9.037747091816260570e-01 5.471855958870691650e-02 2.582069800791718661e-01
1.276670961890996048e-01 -7.263156862683942117e-02 8.452309701956282895e-02 3.411375734062202514e-01 -8.360352486755916468e-01 -1.206592278184259737e-02 4.295633044032979853e-01
1.546431896958794239e-01 -4.906788436971197542e-02 4.072916112377614889e-02 3.322287658283658018e-01 -7.361674224169229008e-01 -7.838671850653311513e-02 5.844117518410817391e-01
8.681655525636441939e-02 1.874708038103935909e-02 -8.314935133818791846e-02 9.335178103058802135e-01 5.346275113461545353e-02 -3.535615165656756931e-01 -2.608612824110862621e-02
3.795913794737898472e-02 2.264923038426054289e-02 -1.114087153994756801e-01 9.845569574615711250e-01 5.752463052140384392e-02 -1.646476409442927391e-01 -1.515482526687009397e-02
-1.809368214480534115e-02 2.416105916861624806e-02 -1.189360915253514922e-01 9.977601328879164289e-01 5.937587061743926364e-02 3.059355118311857247e-02 -3.641130856549710734e-03
-7.280837128123289481e-02 2.305240450645037326e-02 -1.045855049364852324e-01 9.726199459577079542e-01 5.894532930401817639e-02 2.246590502956244961e-01 8.012490170618157340e-03
-1.178551140307746714e-01 1.949204902009813584e-02 -7.054170235264048405e-02 9.101025199558943068e-01 5.624955204236524453e-02 4.100910280955156750e-01 1.935819569398551307e-02
-1.463759521595529023e-01 1.402202455765382688e-02 -2.198754410936864037e-02 8.126103645035491763e-01 5.139213604083639475e-02 5.797634376673951317e-01 2.995997661303417825e-02
-1.540288466045025007e-01 7.475092757629346434e-03 3.368503934533263050e-02 6.838900484604754082e-01 4.455974907230023097e-02 7.271558634647977692e-01 3.941041243259243987e-02
-1.396487135600408547e-01 8.479646384938624784e-04 8.800040185371083012e-02 5.288882213850231162e-01 3.601495593631066916e-02 8.466040972229543771e-01 4.734632820398004122e-02
-1.054247979259564927e-01 -4.850439618680228368e-03 1.326895218438526036e-01 3.535615165656758596e-01 2.608612824110870601e-02 9.335178103058803245e-01 5.346275113461546047e-02
-5.656738061697107189e-02 -8.752589621901410433e-03 1.609488859051403653e-01 1.646476409442927391e-01 1.515482526687016163e-02 9.845569574615709030e-01 5.752463052140390637e-02
1.354206039349104551e-01 6.421548004729787755e-03 1.585513116033208242e-02 7.271558634647974362e-01 3.941041243259241905e-02 -6.838900484604755192e-01 -4.455974907230019627e-02
1.210404708904487953e-01 1.304867612386525696e-02 -3.846023134804607557e-02 8.466040972229542660e-01 4.734632820398005509e-02 -5.288882213850230052e-01 -3.601495593631069692e-02
8.681655525636441939e-02 1.874708038103935909e-02 -8.314935133818791846e-02 2.608612824110869560e-02 -3.535615165656759706e-01 -5.346275113461573802e-02 9.335178103058807686e-01
3.795913794737898472e-02 2.264923038426054289e-02 -1.114087153994756801e-01 1.515482526687015989e-02 -1.646476409442926281e-01 -5.752463052140388555e-02 9.845569574615712360e-01
-1.809368214480534115e-02 2.416105916861624806e-02 -1.189360915253514922e-01 3.641130856549719408e-03 3.059355118311901656e-02 -5.937587061743943018e-02 9.977601328879164289e-01
-7.280837128123289481e-02 2.305240450645037326e-02 -1.045855049364852324e-01 8.012490170618198973e-03 -2.246590502956245239e-01 5.894532930401819026e-02 -9.726199459577080653e-01
-1.178551140307746714e-01 1.949204902009813584e-02 -7.054170235264048405e-02 1.935819569398550960e-02 -4.100910280955157861e-01 5.624955204236536943e-02 -9.101025199558945289e-01
-1.463759521595529023e-01 1.402202455765382688e-02 -2.198754410936864037e-02 2.995997661303418172e-02 -5.797634376673949097e-01 5.139213604083647802e-02 -8.126103645035493983e-01
-1.540288466045025007e-01 7.475092757629346434e-03 3.368503934533263050e-02 3.941041243259242599e-02 -7.271558634647975472e-01 4.455974907230031423e-02 -6.838900484604752972e-01
-1.396487135600408547e-01 8.479646384938624784e-04 8.800040185371083012e-02 4.734632820398004122e-02 -8.466040972229542660e-01 3.601495593631076630e-02 -5.288882213850230052e-01
-1.054247979259564927e-01 -4.850439618680228368e-03 1.326895218438526036e-01 5.346275113461546741e-02 -9.335178103058805466e-01 2.608612824110867479e-02 -3.535615165656759151e-01
-5.656738061697107189e-02 -8.752589621901410433e-03 1.609488859051403653e-01 5.752463052140386474e-02 -9.845569574615711250e-01 1.515482526687017550e-02 -1.646476409442926836e-01
1.354206039349104551e-01 6.421548004729787755e-03 1.585513116033208242e-02 4.455974907230019627e-02 -6.838900484604752972e-01 -3.941041243259246762e-02 7.271558634647977692e-01
1.210404708904487953e-01 1.304867612386525696e-02 -3.846023134804607557e-02 3.601495593631078712e-02 -5.288882213850231162e-01 -4.734632820398010367e-02 8.466040972229542660e-01
