1.862645149230957031e-09 1.356672441611807278e-01 -7.592283011854207564e-02 6.532814824381882879e-01 2.705980500730984506e-01 -2.705980500730984506e-01 6.532814824381881769e-01
1.862645149230957031e-09 6.855518597688053939e-02 -1.207656737440884892e-01 6.935199226610736511e-01 1.379496896414714457e-01 -1.379496896414712515e-01 6.935199226610736511e-01
1.862645149230957031e-09 -1.060888427993609932e-02 -1.365123863702814577e-01 7.071067811865476838e-01 -6.342054475072660117e-17 -0.000000000000000000e+00 7.071067811865476838e-01
1.862645149230957031e-09 -8.977295453675269987e-02 -1.207656737440884614e-01 6.935199226610738732e-01 -1.379496896414715013e-01 1.379496896414715845e-01 6.935199226610735401e-01
1.862645149230957031e-09 -1.568850127210529022e-01 -7.592283011854202013e-02 6.532814824381883989e-01 -2.705980500730984506e-01 2.705980500730986726e-01 6.532814824381882879e-01
1.862645149230957031e-09 -2.017278563465993158e-01 -8.810771934241831693e-03 5.879378012096793116e-01 -3.928474791935510635e-01 3.928474791935512300e-01 5.879378012096794226e-01
1.862645149230957031e-09 -2.174745689727922704e-01 7.035329832257475324e-02 4.999999999999999445e-01 -4.999999999999998335e-01 5.000000000000001110e-01 5.000000000000001110e-01
1.862645149230957031e-09 -2.017278563465992880e-01 1.495173685793914076e-01 3.928474791935510080e-01 -5.879378012096794226e-01 5.879378012096790895e-01 3.928474791935510080e-01
1.862645149230957031e-09 -1.568850127210528744e-01 2.166294267636915682e-01 2.705980500730985061e-01 -6.532814824381882879e-01 6.532814824381886210e-01 2.705980500730985061e-01
1.862645149230957031e-09 1.356672441611807278e-01 2.166294267636916238e-01 2.705980500730984506e-01 6.532814824381882879e-01 -6.532814824381882879e-01 2.705980500730984506e-01
1.862645149230957031e-09 1.805100877867272247e-01 1.495173685793912965e-01 3.928474791935510635e-01 5.879378012096793116e-01 -5.879378012096789785e-01 3.928474791935510635e-01
1.862645149230957031e-09 1.962568004129201515e-01 7.035329832257480875e-02 4.999999999999998890e-01 5.000000000000002220e-01 -5.000000000000000000e-01 4.999999999999999445e-01
1.862645149230957031e-09 1.805100877867272247e-01 -8.810771934241776182e-03 5.879378012096794226e-01 3.928474791935512300e-01 -3.928474791935514521e-01 5.879378012096795336e-01
1.862645149230957031e-09 1.356672441611807278e-01 -7.592283011854207564e-02 6.532814824381882879e-01 2.705980500730984506e-01 2.705980500730984506e-01 -6.532814824381881769e-01
1.862645149230957031e-09 6.855518597688053939e-02 -1.207656737440884892e-01 6.935199226610736511e-01 1.379496896414714457e-01 1.379496896414712515e-01 -6.935199226610736511e-01
1.862645149230957031e-09 -1.060888427993609932e-02 -1.365123863702814577e-01 7.071067811865477948e-01 -6.342054475072663814e-17 0.000000000000000000e+00 -7.071067811865477948e-01
1.862645149230957031e-09 -8.977295453675269987e-02 -1.207656737440884614e-01 6.935199226610738732e-01 -1.379496896414715013e-01 -1.379496896414715845e-01 -6.935199226610735401e-01
1.862645149230957031e-09 -1.568850127210529022e-01 -7.592283011854202013e-02 6.532814824381883989e-01 -2.705980500730984506e-01 -2.705980500730986726e-01 -6.532814824381882879e-01
1.862645149230957031e-09 -2.017278563465993158e-01 -8.810771934241831693e-03 5.879378012096793116e-01 -3.928474791935510635e-01 -3.928474791935512300e-01 -5.879378012096794226e-01
1.862645149230957031e-09 -2.174745689727922704e-01 7.035329832257475324e-02 4.999999999999999445e-01 -4.999999999999998335e-01 -5.000000000000001110e-01 -5.000000000000001110e-01
1.862645149230957031e-09 -2.017278563465992880e-01 1.495173685793914076e-01 3.928474791935510080e-01 -5.879378012096794226e-01 -5.879378012096790895e-01 -3.928474791935510080e-01
1.862645149230957031e-09 -1.568850127210528744e-01 2.166294267636915682e-01 2.705980500730985061e-01 -6.532814824381882879e-01 -6.532814824381886210e-01 -2.705980500730985061e-01
1.862645149230957031e-09 1.356672441611807278e-01 2.166294267636916238e-01 2.705980500730984506e-01 6.532814824381882879e-01 6.532814824381882879e-01 -2.705980500730984506e-01
1.862645149230957031e-09 1.805100877867272247e-01 1.495173685793912965e-01 3.928474791935510635e-01 5.879378012096793116e-01 5.879378012096789785e-01 -3.928474791935510635e-01
1.862645149230957031e-09 1.962568004129201515e-01 7.035329832257480875e-02 4.999999999999998890e-01 5.000000000000002220e-01 5.000000000000000000e-01 -4.999999999999999445e-01
1.862645149230957031e-09 1.805100877867272247e-01 -8.810771934241776182e-03 5.879378012096794226e-01 3.928474791935512300e-01 3.928474791935514521e-01 -5.879378012096795336e-01
-1.862645149230957031e-09 -1.327623759630172651e-01 2.224969965988141118e-01 2.705980500730985616e-01 -6.532814824381879548e-01 -6.532814824381887320e-01 -2.705980500730986726e-01
-1.862645149230957031e-09 -1.776052195885636509e-01 1.553849384145139512e-01 3.928474791935510080e-01 -5.879378012096792006e-01 -5.879378012096790895e-01 -3.928474791935510080e-01
-1.862645149230957031e-09 -1.933519322147566055e-01 7.622086815769731072e-02 5.000000000000001110e-01 -5.000000000000000000e-01 -5.000000000000001110e-01 -5.000000000000001110e-01
-1.862645149230957031e-09 -1.776052195885636509e-01 -2.943202099119260340e-03 5.879378012096793116e-01 -3.928474791935511190e-01 -3.928474791935508970e-01 -5.879378012096792006e-01
-1.862645149230957031e-09 -1.327623759630172096e-01 -7.005526028341946265e-02 6.532814824381882879e-01 -2.705980500730984506e-01 -2.705980500730984506e-01 -6.532814824381881769e-01
-1.862645149230957031e-09 -6.565031777871704888e-02 -1.148981039089658485e-01 6.935199226610738732e-01 -1.379496896414715013e-01 -1.379496896414713625e-01 -6.935199226610737622e-01
-1.862645149230957031e-09 1.351375247809953606e-02 -1.306448165351588031e-01 7.071067811865474617e-01 0.000000000000000000e+00 2.220446049250313081e-16 -7.071067811865474617e-01
-1.862645149230957031e-09 9.267782273491617651e-02 -1.148981039089658485e-01 6.935199226610736511e-01 1.379496896414715290e-01 1.379496896414714735e-01 -6.935199226610736511e-01
-1.862645149230957031e-09 1.597898809192163372e-01 -7.005526028341943490e-02 6.532814824381879548e-01 2.705980500730985061e-01 2.705980500730986726e-01 -6.532814824381883989e-01
-1.862645149230957031e-09 2.046327245447627508e-01 -2.943202099119260340e-03 5.879378012096793116e-01 3.928474791935512855e-01 3.928474791935510080e-01 -5.879378012096793116e-01
-1.862645149230957031e-09 2.203794371709557054e-01 7.622086815769736623e-02 4.999999999999998890e-01 5.000000000000000000e-01 4.999999999999998890e-01 -4.999999999999998890e-01
-1.862645149230957031e-09 2.046327245447627785e-01 1.553849384145138957e-01 3.928474791935510635e-01 5.879378012096793116e-01 5.879378012096789785e-01 -3.928474791935510635e-01
-1.862645149230957031e-09 1.597898809192163649e-01 2.224969965988141118e-01 2.705980500730985616e-01 6.532814824381879548e-01 6.532814824381887320e-01 -2.705980500730986726e-01
-1.862645149230957031e-09 9.267782273491609324e-02 2.673398402243605809e-01 1.379496896414713902e-01 6.935199226610737622e-01 6.935199226610738732e-01 -1.379496896414713902e-01
-1.862645149230957031e-09 -1.327623759630172651e-01 2.224969965988141118e-01 2.705980500730985616e-01 -6.532814824381879548e-01 6.532814824381887320e-01 2.705980500730986726e-01
-1.862645149230957031e-09 -1.776052195885636509e-01 1.553849384145139512e-01 3.928474791935510080e-01 -5.879378012096792006e-01 5.879378012096790895e-01 3.928474791935510080e-01
-1.862645149230957031e-09 -1.933519322147566055e-01 7.622086815769731072e-02 5.000000000000001110e-01 -5.000000000000000000e-01 5.000000000000001110e-01 5.000000000000001110e-01
-1.862645149230957031e-09 -1.776052195885636509e-01 -2.943202099119260340e-03 5.879378012096793116e-01 -3.928474791935511190e-01 3.928474791935508970e-01 5.879378012096792006e-01
-1.862645149230957031e-09 -1.327623759630172096e-01 -7.005526028341946265e-02 6.532814824381882879e-01 -2.705980500730984506e-01 2.705980500730984506e-01 6.532814824381881769e-01
-1.862645149230957031e-09 -6.565031777871704888e-02 -1.148981039089658485e-01 6.935199226610738732e-01 -1.379496896414715013e-01 1.379496896414713625e-01 6.935199226610737622e-01
-1.862645149230957031e-09 1.351375247809953606e-02 -1.306448165351588031e-01 7.071067811865473507e-01 -0.000000000000000000e+00 3.330669073875469621e-16 7.071067811865474617e-01
-1.862645149230957031e-09 9.267782273491617651e-02 -1.148981039089658485e-01 6.935199226610736511e-01 1.379496896414715290e-01 -1.379496896414714735e-01 6.935199226610736511e-01
-1.862645149230957031e-09 1.597898809192163372e-01 -7.005526028341943490e-02 6.532814824381879548e-01 2.705980500730985061e-01 -2.705980500730986726e-01 6.532814824381883989e-01
-1.862645149230957031e-09 2.046327245447627508e-01 -2.943202099119260340e-03 5.879378012096793116e-01 3.928474791935512855e-01 -3.928474791935510080e-01 5.879378012096793116e-01
-1.862645149230957031e-09 2.203794371709557054e-01 7.622086815769736623e-02 4.999999999999998890e-01 5.000000000000000000e-01 -4.999999999999998890e-01 4.999999999999998890e-01
-1.862645149230957031e-09 2.046327245447627785e-01 1.553849384145138957e-01 3.928474791935510635e-01 5.879378012096793116e-01 -5.879378012096789785e-01 3.928474791935510635e-01
-1.862645149230957031e-09 1.597898809192163649e-01 2.224969965988141118e-01 2.705980500730985616e-01 6.532814824381879548e-01 -6.532814824381887320e-01 2.705980500730986726e-01
-1.862645149230957031e-09 9.267782273491609324e-02 2.673398402243605809e-01 1.379496896414713902e-01 6.935199226610737622e-01 -6.935199226610738732e-01 1.379496896414713902e-01
1.762485640121639330e-01 -1.862645149230957031e-09 -1.013548412890043909e-01 9.238795325112868495e-01 0.000000000000000000e+00 -3.826834323650896708e-01 0.000000000000000000e+00
1.092167777242736976e-01 -1.862645149230957031e-09 -1.461440489481444227e-01 9.807852804032304306e-01 -0.000000000000000000e+00 -1.950903220161281648e-01 1.110223024625156540e-16
3.014739462530868774e-02 -1.862645149230957031e-09 -1.618719271276086169e-01 9.999999999999998890e-01 -0.000000000000000000e+00 1.665334536937734811e-16 0.000000000000000000e+00
-4.892198847365628045e-02 -1.862645149230957031e-09 -1.461440489481443672e-01 9.807852804032304306e-01 -0.000000000000000000e+00 1.950903220161283036e-01 -0.000000000000000000e+00
-1.159537747615465436e-01 -1.862645149230957031e-09 -1.013548412890043354e-01 9.238795325112865164e-01 0.000000000000000000e+00 3.826834323650898373e-01 -1.110223024625156540e-16
-1.607429824206865754e-01 -1.862645149230957031e-09 -3.432305500111408614e-02 8.314696123025452357e-01 -0.000000000000000000e+00 5.555702330196022887e-01 -0.000000000000000000e+00
-1.764708606001507973e-01 -1.862645149230957031e-09 4.474632809785086124e-02 7.071067811865474617e-01 0.000000000000000000e+00 7.071067811865474617e-01 0.000000000000000000e+00
-1.607429824206865476e-01 -1.862645149230957031e-09 1.238157111968158780e-01 5.555702330196020666e-01 0.000000000000000000e+00 8.314696123025451246e-01 -0.000000000000000000e+00
1.092167777242736698e-01 -1.862645149230957031e-09 2.356367051438462146e-01 1.950903220161281093e-01 0.000000000000000000e+00 -9.807852804032304306e-01 0.000000000000000000e+00
1.762485640121639330e-01 -1.862645149230957031e-09 1.908474974847061412e-01 3.826834323650897263e-01 -0.000000000000000000e+00 -9.238795325112868495e-01 -0.000000000000000000e+00
2.210377716713040341e-01 -1.862645149230957031e-09 1.238157111968157947e-01 5.555702330196023997e-01 0.000000000000000000e+00 -8.314696123025451246e-01 0.000000000000000000e+00
2.367656498507682283e-01 -1.862645149230957031e-09 4.474632809785092369e-02 7.071067811865474617e-01 0.000000000000000000e+00 -7.071067811865475727e-01 0.000000000000000000e+00
2.210377716713040341e-01 -1.862645149230957031e-09 -3.432305500111401675e-02 8.314696123025451246e-01 0.000000000000000000e+00 -5.555702330196023997e-01 0.000000000000000000e+00
1.762485640121639330e-01 -1.862645149230957031e-09 -1.013548412890043909e-01 0.000000000000000000e+00 -3.826834323650896708e-01 0.000000000000000000e+00 9.238795325112868495e-01
1.092167777242736976e-01 -1.862645149230957031e-09 -1.461440489481444227e-01 0.000000000000000000e+00 1.950903220161281648e-01 -1.110223024625156540e-16 -9.807852804032304306e-01
3.014739462530868774e-02 -1.862645149230957031e-09 -1.618719271276086169e-01 -0.000000000000000000e+00 1.665334536937734811e-16 0.000000000000000000e+00 9.999999999999998890e-01
-4.892198847365628045e-02 -1.862645149230957031e-09 -1.461440489481443672e-01 0.000000000000000000e+00 -1.950903220161283036e-01 0.000000000000000000e+00 -9.807852804032304306e-01
-1.159537747615465436e-01 -1.862645149230957031e-09 -1.013548412890043354e-01 0.000000000000000000e+00 3.826834323650898373e-01 -1.110223024625156540e-16 9.238795325112865164e-01
-1.607429824206865754e-01 -1.862645149230957031e-09 -3.432305500111408614e-02 0.000000000000000000e+00 -5.555702330196022887e-01 0.000000000000000000e+00 -8.314696123025452357e-01
-1.764708606001507973e-01 -1.862645149230957031e-09 4.474632809785086124e-02 0.000000000000000000e+00 -7.071067811865474617e-01 0.000000000000000000e+00 -7.071067811865475727e-01
-1.607429824206865476e-01 -1.862645149230957031e-09 1.238157111968158780e-01 0.000000000000000000e+00 -8.314696123025452357e-01 0.000000000000000000e+00 -5.555702330196021776e-01
1.092167777242736698e-01 -1.862645149230957031e-09 2.356367051438462146e-01 0.000000000000000000e+00 -9.807852804032304306e-01 0.000000000000000000e+00 1.950903220161281093e-01
1.762485640121639330e-01 -1.862645149230957031e-09 1.908474974847061412e-01 0.000000000000000000e+00 9.238795325112868495e-01 0.000000000000000000e+00 -3.826834323650897263e-01
2.210377716713040341e-01 -1.862645149230957031e-09 1.238157111968157947e-01 0.000000000000000000e+00 -8.314696123025451246e-01 0.000000000000000000e+00 5.555702330196023997e-01
2.367656498507682283e-01 -1.862645149230957031e-09 4.474632809785092369e-02 0.000000000000000000e+00 -7.071067811865475727e-01 0.000000000000000000e+00 7.071067811865474617e-01
2.210377716713040341e-01 -1.862645149230957031e-09 -3.432305500111401675e-02 0.000000000000000000e+00 -5.555702330196023997e-01 0.000000000000000000e+00 8.314696123025451246e-01
