1.140363053938269894e-01 -1.060656312709920973e-01 6.498648959649537885e-03 6.872229772874207665e-01 -6.007061325148700393e-01 -3.110813307231968805e-01 2.647737289134345917e-01
6.883661095511320327e-02 -1.397026657422920093e-01 1.360245265516705354e-03 7.347071374623799223e-01 -6.408185246536700630e-01 -1.710334382456759617e-01 1.424942231263829906e-01
1.405761188185656110e-02 -1.536293139939393648e-01 -1.124787311217234631e-03 7.539569143731698064e-01 -6.563046202651982020e-01 -2.441282665303012855e-02 1.473874425626521718e-02
-4.196108578990274257e-02 -1.457253700750015535e-01 -5.781250876209474698e-04 7.442325498885075108e-01 -6.465692973798063958e-01 1.231459561770205102e-01 -1.135831362900377589e-01
-9.069114315039829288e-02 -1.171941377977068627e-01 2.917007568268441958e-03 7.059077458820519624e-01 -6.119866789963479548e-01 2.659723089722363376e-01 -2.375400806068713733e-01
-1.247138507055646078e-01 -7.237923864000880836e-02 8.828508393048188282e-03 6.404553030789741364e-01 -5.538857557451432045e-01 3.985774950926381788e-01 -3.523684928399946625e-01
-1.388495596467396453e-01 -1.810333475059435621e-02 1.625640497403399443e-02 5.503905221500430267e-01 -4.744993135233631087e-01 5.158655716014640680e-01 -4.536555815038043615e-01
-1.309462364281501479e-01 3.737055951566709000e-02 2.406986739082095719e-02 4.391745421174464981e-01 -3.768781287851610817e-01 6.133292234943916732e-01 -5.375089405834040379e-01
-1.022070903660229346e-01 8.559704662884097537e-02 3.107936681966644299e-02 3.110813307231974356e-01 -2.647737289134348138e-01 6.872229772874208775e-01 -6.007061325148702613e-01
1.140363053938269894e-01 -1.060656312709920973e-01 6.498648959649537885e-03 2.647737289134347027e-01 3.110813307231973246e-01 -6.007061325148704833e-01 -6.872229772874207665e-01
6.883661095511320327e-02 -1.397026657422920093e-01 1.360245265516705354e-03 1.424942231263828796e-01 1.710334382456757674e-01 -6.408185246536698410e-01 -7.347071374623799223e-01
1.405761188185656110e-02 -1.536293139939393648e-01 -1.124787311217234631e-03 1.473874425626525361e-02 2.441282665303019447e-02 -6.563046202651982020e-01 -7.539569143731698064e-01
-4.196108578990274257e-02 -1.457253700750015535e-01 -5.781250876209474698e-04 1.135831362900377589e-01 1.231459561770205102e-01 6.465692973798065069e-01 7.442325498885073998e-01
-9.069114315039829288e-02 -1.171941377977068627e-01 2.917007568268441958e-03 2.375400806068712345e-01 2.659723089722361156e-01 6.119866789963475107e-01 7.059077458820518514e-01
-1.247138507055646078e-01 -7.237923864000880836e-02 8.828508393048188282e-03 3.523684928399946625e-01 3.985774950926378457e-01 5.538857557451433156e-01 6.404553030789740253e-01
-1.388495596467396453e-01 -1.810333475059435621e-02 1.625640497403399443e-02 4.536555815038044170e-01 5.158655716014642900e-01 4.744993135233628312e-01 5.503905221500425826e-01
-1.309462364281501479e-01 3.737055951566709000e-02 2.406986739082095719e-02 5.375089405834041489e-01 6.133292234943916732e-01 3.768781287851611372e-01 4.391745421174464981e-01
-1.022070903660229346e-01 8.559704662884097537e-02 3.107936681966644299e-02 6.007061325148701503e-01 6.872229772874209885e-01 2.647737289134346472e-01 3.110813307231972136e-01
-4.854081958909902544e-03 -1.354266408245761166e-01 2.217518076328858778e-02 6.735347643631617309e-01 -6.554328973475972431e-01 -1.736691897701810872e-01 -2.942747878996149202e-01
-4.570991560511022955e-02 -1.151894635940299561e-01 -1.132292623865798625e-02 6.944741608837918800e-01 -5.854287748780014899e-01 -3.893207091748263071e-02 -4.164889953692315072e-01
-7.699461678582161794e-02 -7.628660665403561025e-02 -3.794436218490852136e-02 6.887253048672543621e-01 -4.929269529020829932e-01 9.730118558721767563e-02 -5.226977643165281462e-01
-7.709774241841287068e-02 8.468689632018237823e-02 -4.470323593438067095e-02 5.185965198711542934e-01 -1.194584637028113794e-01 4.635382571683793751e-01 -7.084628495331237730e-01
-4.586425402112484506e-02 1.257244085936349287e-01 -2.143829564124650339e-02 4.182000053001954099e-01 2.105114263258000412e-02 5.558046615926199863e-01 -7.181551246859499971e-01
-5.036136533590872960e-03 1.487506474256533595e-01 1.024328900307582349e-02 3.017322990548149675e-01 1.607517653622180243e-01 6.267118045707021912e-01 -7.002491011431286605e-01
3.917089926451865212e-02 1.502600766874376825e-01 4.551828393076821910e-02 1.736691897701811982e-01 2.942747878996146982e-01 6.735347643631617309e-01 -6.554328973475972431e-01
8.002673291071896178e-02 1.300228994568915775e-01 7.901639093271475844e-02 3.893207091748274173e-02 4.164889953692313407e-01 6.944741608837916580e-01 -5.854287748780013789e-01
1.113114340914303640e-01 9.112004251689720391e-02 1.056378268789653352e-01 9.730118558721775890e-02 -5.226977643165281462e-01 -6.887253048672546951e-01 4.929269529020832707e-01
1.282621906484119334e-01 3.947411318129236124e-02 1.213297194706209892e-01 2.297952120969351808e-01 -6.088195513134241343e-01 -6.565091216262690654e-01 3.814822245627575992e-01
-4.854081958909902544e-03 -1.354266408245761166e-01 2.217518076328858778e-02 2.942747878996148647e-01 -1.736691897701810317e-01 6.554328973475973541e-01 6.735347643631611758e-01
-4.570991560511022955e-02 -1.151894635940299561e-01 -1.132292623865798625e-02 4.164889953692316182e-01 -3.893207091748259602e-02 5.854287748780013789e-01 6.944741608837916580e-01
-7.699461678582161794e-02 -7.628660665403561025e-02 -3.794436218490852136e-02 5.226977643165284793e-01 9.730118558721780053e-02 4.929269529020832152e-01 6.887253048672544731e-01
-7.709774241841287068e-02 8.468689632018237823e-02 -4.470323593438067095e-02 7.084628495331236619e-01 4.635382571683790420e-01 1.194584637028115459e-01 5.185965198711540713e-01
-4.586425402112484506e-02 1.257244085936349287e-01 -2.143829564124650339e-02 7.181551246859497750e-01 5.558046615926203193e-01 -2.105114263258001106e-02 4.182000053001954099e-01
-5.036136533590872960e-03 1.487506474256533595e-01 1.024328900307582349e-02 7.002491011431285495e-01 6.267118045707024132e-01 -1.607517653622180243e-01 3.017322990548150785e-01
3.917089926451865212e-02 1.502600766874376825e-01 4.551828393076821910e-02 6.554328973475972431e-01 6.735347643631615089e-01 -2.942747878996145872e-01 1.736691897701810594e-01
8.002673291071896178e-02 1.300228994568915775e-01 7.901639093271475844e-02 5.854287748780013789e-01 6.944741608837917690e-01 -4.164889953692313407e-01 3.893207091748275561e-02
1.113114340914303640e-01 9.112004251689720391e-02 1.056378268789653352e-01 4.929269529020829932e-01 6.887253048672544731e-01 -5.226977643165281462e-01 -9.730118558721771727e-02
1.282621906484119334e-01 3.947411318129236124e-02 1.213297194706209892e-01 3.814822245627577102e-01 6.565091216262689544e-01 -6.088195513134243564e-01 -2.297952120969351253e-01
7.021995090876127429e-03 9.610980599490372145e-02 -8.257434017158370165e-02 8.564014519191009978e-01 2.834233494940462394e-01 -1.985547939700520459e-01 3.831758759420295091e-01
-2.915398239528027569e-02 5.889974004191648321e-02 -1.051037720906498052e-01 8.786820568516727770e-01 2.032235442799981695e-01 -2.766398424934668476e-02 4.311064114492399457e-01
-6.253513501162445698e-02 1.327934425897827134e-02 -1.074154374022390224e-01 8.671954031100091997e-01 1.152139722283466311e-01 1.442899368719213760e-01 4.624697693317172953e-01
-8.803948487321988647e-02 -3.380608964587618337e-02 -8.915740601796018350e-02 8.223829163556130029e-01 2.277679183669972102e-02 3.106988766379293887e-01 4.760606733348109465e-01
-1.017842259111459285e-01 -7.518823119115400355e-02 -5.310929770660305360e-02 7.459667153233229264e-01 -7.053568789185954424e-02 4.651678328166791720e-01 4.713568326395490837e-01
-1.016768458987661328e-01 -1.045670244566338780e-01 -4.759110181656197452e-03 6.408834317641116662e-01 -1.611375206916040581e-01 6.017606500494103727e-01 4.485390132059068891e-01
-8.773369246956307099e-02 -1.174698144870706534e-01 4.853227880174855458e-02 5.111713573337748340e-01 -2.455469289381331244e-01 7.152281429720032113e-01 4.084840910383381596e-01
-6.207748433813232991e-02 -1.119322684644132176e-01 9.865173835853199846e-02 3.618152543093007267e-01 -3.205201064098739949e-01 8.012098194647452321e-01 3.527313543326833778e-01
-2.861414661837839019e-02 -8.879742757263146824e-02 1.379690351052060560e-01 1.985547939700524900e-01 -3.831758759420296201e-01 8.564014519191007757e-01 2.834233494940461284e-01
8.008469437126389256e-02 1.118794028789061729e-01 6.015380511527852747e-02 6.017606500494105948e-01 4.485390132059070001e-01 -6.408834317641117773e-01 1.611375206916041691e-01
6.614154094206083079e-02 1.247821929093429344e-01 6.862416131873827485e-03 7.152281429720033223e-01 4.084840910383383261e-01 -5.111713573337749450e-01 2.455469289381330411e-01
4.048533281063017297e-02 1.192446468866855125e-01 -4.325704342490956089e-02 8.012098194647454541e-01 3.527313543326835443e-01 -3.618152543093008378e-01 3.205201064098736619e-01
7.021995090876127429e-03 9.610980599490372145e-02 -8.257434017158370165e-02 3.831758759420297311e-01 1.985547939700523512e-01 2.834233494940463505e-01 -8.564014519191009978e-01
-2.915398239528027569e-02 5.889974004191648321e-02 -1.051037720906498052e-01 4.311064114492400567e-01 2.766398424934635863e-02 2.032235442799984471e-01 -8.786820568516727770e-01
-6.253513501162445698e-02 1.327934425897827134e-02 -1.074154374022390224e-01 4.624697693317170177e-01 -1.442899368719211262e-01 1.152139722283465062e-01 -8.671954031100087557e-01
-8.803948487321988647e-02 -3.380608964587618337e-02 -8.915740601796018350e-02 4.760606733348107800e-01 -3.106988766379292777e-01 2.277679183670000551e-02 -8.223829163556128918e-01
-1.017842259111459285e-01 -7.518823119115400355e-02 -5.310929770660305360e-02 4.713568326395493058e-01 -4.651678328166793941e-01 -7.053568789185982180e-02 -7.459667153233231485e-01
-1.016768458987661328e-01 -1.045670244566338780e-01 -4.759110181656197452e-03 4.485390132059067780e-01 -6.017606500494105948e-01 -1.611375206916040304e-01 -6.408834317641117773e-01
-8.773369246956307099e-02 -1.174698144870706534e-01 4.853227880174855458e-02 4.084840910383381596e-01 -7.152281429720032113e-01 -2.455469289381331244e-01 -5.111713573337749450e-01
-6.207748433813232991e-02 -1.119322684644132176e-01 9.865173835853199846e-02 3.527313543326833223e-01 -8.012098194647455651e-01 -3.205201064098737174e-01 -3.618152543093006157e-01
-2.861414661837839019e-02 -8.879742757263146824e-02 1.379690351052060560e-01 2.834233494940462394e-01 -8.564014519191008867e-01 -3.831758759420296201e-01 -1.985547939700525177e-01
8.008469437126389256e-02 1.118794028789061729e-01 6.015380511527852747e-02 1.611375206916041414e-01 6.408834317641116662e-01 4.485390132059070556e-01 -6.017606500494105948e-01
6.614154094206083079e-02 1.247821929093429344e-01 6.862416131873827485e-03 2.455469289381330411e-01 5.111713573337748340e-01 4.084840910383381596e-01 -7.152281429720032113e-01
4.048533281063017297e-02 1.192446468866855125e-01 -4.325704342490956089e-02 3.205201064098734398e-01 3.618152543093010043e-01 3.527313543326831002e-01 -8.012098194647452321e-01
